$ANSIBLE_VAULT;1.1;AES256
61653036396464623234313166353365356534393133666565613731356332643336376537303162
3538393461343264373762383064626636386234653064330a653464393061353934393930363962
36316161363864636561656439303033653461653366393933613961303538316365386335333263
3431633261376634390a373732623266386336386234613538653961313736613261326161363963
33336532653961363532646430383832623632313164373439366234656538376663653536313562
62626435373733306336333838646432613430626662313038313033333437333234313435306566
37616134323933376330346335343834623831633464393965356436333930363363656462623933
37326434616132386261353432383761333638386463343965303530383466393839633664333630
62356361653536306262636666633638373935373035313762323031616430393731343431326534
62643863666636313336623338643435383239313664633765353730386661306234646433343138
36663237376565636337626239373638303931333836613063353030613663346665313136663030
35343161646530363937616131623139383931626635396437626431386163313437366263653836
33386436333565666236663531386165653335633462333764373665336264353365316262386539
66326262646437366430343865346532393238383665313666663961383565336230646333363835
66363839363464353932373930366535643736396432383933336338366662613039393566326139
36353932373438653338626531303065326164306465366463623366656133663861626663393637
66656138346437386262393863333439613563313861626236653463336363636334636364323034
39336363366236643438326434366537326134633636613135653538333538656263396435386531
65333766306139633930336365396639353339343432336366343932636537306235343733373132
38373130343437646337656531623664313862663536303435343033633330666433386332623862
34616666303936353331333639646162393764623831663537373737393435353063306431373736
64363036366634663566306230363739396539623966373663643136336137336130383333643532
33326337303330326464326634633439616137383137653133326361373534626531313063386161
66383435313933393039663961306662653366356235643535616538656230363035363963653664
6462
